jails: 
  cell1: 
    world: SpawnWorld
    x: 743.3251331423311
    y: 119.0
    z: 1134.300000011921
    yaw: 130.9516
    pitch: 59.099983
