spawns: 
  default: 
    world: SpawnWorld
    x: -205.61072153431508
    y: 49.0
    z: 1488.2759515652497
    yaw: -179.90732
    pitch: 35.25005
