world: DIM1
x: 93.82940417589359
y: 57.0
z: -21.93978098083751
yaw: -277.65
pitch: 16.350077
name: end
