world: GodWars
x: -0.17997345149849223
y: 111.0
z: 0.07877033537164525
yaw: -110.1
pitch: 28.95
name: GodWars
